camera_matrix:
  cols: 3
  data: [391.0666623100704, 0.0, 334.4766668704477, 0.0, 520.6162773634663, 222.27934861163675,
    0.0, 0.0, 1.0]
  rows: 3
camera_name: rosky/camera
distortion_coefficients:
  cols: 5
  data: [-0.3373271782767255, 0.11316850344065789, 0.00012013364982226418, -0.002578453153090992,
    0.0]
  rows: 1
distortion_model: plumb_bob
image_height: 480
image_width: 640
projection_matrix:
  cols: 4
  data: [298.48846435546875, 0.0, 334.36831915219955, 0.0, 0.0, 479.50396728515625,
    219.17982202028725, 0.0, 0.0, 0.0, 1.0, 0.0]
  rows: 3
rectification_matrix:
  cols: 3
  data: [1.0, 0.0, 0.0, 0.0, 1.0, 0.0, 0.0, 0.0, 1.0]
  rows: 3
