camera_matrix:
  cols: 3
  data: [178.39318549533843, -3.7749922633494055, 310.4226633756453, 0.0, 235.92379721954072,
    245.9735860045318, 0.0, 0.0, 1.0]
  rows: 3
camera_name: rosky/camera
distortion_coefficients:
  cols: 5
  data: [-0.21331088369782186, 1.4924884004974204, -2.564516182185138, 1.6739205823109522]
  rows: 1
distortion_model: fisheye
image_height: 480
image_width: 640
projection_matrix:
  cols: 4
  data: [178.39318549533843, -3.7749922633494055, 310.4226633756453, 0.0, 0.0, 235.92379721954072,
    245.9735860045318, 0.0, 0.0, 0.0, 1.0, 0.0]
  rows: 3
rectification_matrix:
  cols: 3
  data: [1.0, 0.0, 0.0, 0.0, 1.0, 0.0, 0.0, 0.0, 1.0]
  rows: 3
