baseline: 0.1
calibration_time: 2020-09-16-17-00-19
gain: 0.23675696550000008
k: 27.0
limit: 1.0
radius: 0.0318
steerGain: 3.1384283767210035
trim: 0.0
