baseline: 0.1
calibration_time: 2020-12-14-10-41-28
gain: 1.0
k: 27.0
keyboard_gain: 1.9079941248903363
keyboard_steerGain: 34.49147191187973
limit: 1.0
radius: 0.0318
trim: 0.0
