baseline: 0.1
calibration_time: 2020-09-17-18-32-56
gain: 1.0
k: 27.0
keyboard_gain: 1.5692141883605017
keyboard_steerGain: 34.003948586157826
limit: 1.0
radius: 0.0318
trim: 0.0
