baseline: 0.1
calibration_time: 2020-11-12-17-56-57
gain: 1.0
k: 27.0
keyboard_gain: 0.2657205000000001
keyboard_steerGain: 4.594972986357222
limit: 1.0
radius: 0.0318
trim: 0.0
